18.444183;-2239.3386;-39.96875;2;Side (FD);-9.8861470222473;17.121085739136;100;75.91119;-2219.3403;-39.96875;2;55;de_mirage
563.9134;-2336.8936;-39.96875;2;Cement (FD | Not safety);-5.2879476547241;-174.58387756348;250;295.8248;-2349.7158;-39.96875;2;38;de_mirage
664.8958;-1128.9401;-127.96875;2;Defualt Box;1.25;-136.5;250;0;0;0;1;0;de_mirage
-404.3537;-1630.9125;-39.96875;2;Anti-peak;-16.55192565918;18.885623931885;550;0;0;0;0;0;de_mirage
324.633;-1514.2833;-175.96875;2;Side FD +1w;-10.000533103943;-147.20065307617;550;263.72205;-1555.0702;-175.96875;2;41;de_mirage
991.1588;-1226.3698;-108.96875;2;Stares;-18.458351135254;-165.69914245605;550;919.2547;-1243.8036;-108.96875;2;98;de_mirage
-1496.7356;752.6411;-47.96875;1;Short;7.9288735389709;-141.30790710449;550;-1562.6886;699.81635;-47.96875;2;32;de_mirage
-1449.4868;807.9657;-47.96875;2;Side (1w);-5.3351154327393;-139.59851074219;550;0;0;0;0;0;de_mirage
-1449.4868;807.9657;-47.96875;1;Side (1w);-5.3351154327393;-139.59851074219;550;0;0;0;0;0;de_mirage
85;-2158.7673;-35.96875;2;Ticket Rip ESP;0.44215273857117;-175.95497131348;550;0.5727481;-2167.3567;-35.96875;2;61;de_mirage
118.2192;-2357.96875;-39.96875;2;Side (FD);11;104.50;450;64.90727;-2243.3298;-39.96875;3;25;de_mirage
327.3106;-660.67505;-83.661674;2;Stares;3.48779883980751;-152.36437988281;750;221.6975;-720.0278;-87.96875;3;31;de_mirage
-223.1582;-332.63867;-163.96875;2;Conector (Not safety);-10.25;-125.35;550;-328.6357;-485.92133;-163.1247;3;86;de_mirage
-223.1582;-332.63867;-163.96875;2;Stares;-9.00;-126.00177764893;750;-291.24097;-436.67075;-167.96869;3;41;de_mirage
-941.17126;275.82626;-168.65836;2;Stares (Safe);-1.342552781105;-76.027885437012;750;-916.5506;189.17563;-173.8571;3;31;de_mirage
-485.65054;-1626.7131;-39.96875;2;Zig-zag;6.98;105.2317276001;350;-500.23047;-1574.4673;-39.96875;3;31;de_mirage
-833.5204;-1514.8203;-167.96875;2;Nade to pit;-12.977177;-0.82547176;300;0;0;0;0;0;de_mirage
-998.8665;-1526.9443;-165.62192;2;Nade to pit (safe);-13.293414115906;0.098933130502701;450;-920.25;-1527.9604;-167.96875;2;85;de_mirage
-669.6805;-1274.2263;-167.96875;3;Apartament;-19.011686325073;-52.898178100586;300;-623.6741;-1335.003;-167.96875;2;75;de_mirage
333.13254;-154.88843;-165.96875;2;Window;-16.532857131958;-153.68115844727;800;202.76384;-226.32654;-169.08426;2;35;de_mirage
530.4835;1873.03125;131.47836;2;Coffin (1w);0.86806809902191;91.09944152832;250;0;0;0;1;0;de_inferno
317.473;1679.1415;122.03125;2;Midle;-23.626167297363;59.324718475342;450;0;0;0;0;0;de_inferno
999.96875;1862.04;150.67606;2;Newbox (1w);-25.583129501343;140.22897644043;650;0;0;0;0;0;de_inferno
999.96875;1862.04;150.67606;2;Dark;-24.515551376343;127.54747619629;650;960.9135;1908.6421;142.03125;2;51;de_inferno
460.43317;1828.494;136.11197;2;Position 1st;-35.80;94.641479492188;650;0;0;0;1;0;de_inferno
1335.5057;264.2271;131.60982;2;Jail (1w);-30.653547286987;-31.506522369385;650;1450.8881;174.57034;128.74794;2;41;de_inferno
2004.0231;1165.7711;159.85721;2;Jail (1w);-35.716945648193;-65.51216506958;650;2044.0469;1109.6348;156.93312;3;71;de_inferno
1328.1869;585.18225;127.24646;2;Side (1w);-35.0;-3.8489079475403;350;0;0;0;1;0;de_inferno
1941.9731;1202.7849;169.0575;3;Closebox + Site;-40.553723144531;-85.23747253418;350;0;0;0;1;0;de_inferno
2083.2095;1225.96875;174.03125;2;Closebox + Site + Backsite;-36.24743270874;-103.65367126465;350;0;0;0;1;0;de_inferno
2075.2708;1156.4358;162.6579;2;Sand + barrel;-13.344945907593;-63.360515594482;350;2160.9717;1041.0398;157.21011;2;45;de_inferno
2083.2095;1225.96875;174.03125;2;Box A;-37.130111694336;-89.224601745605;350;2087.3643;1143.4974;161.7278;3;45;de_inferno
-130.58748;-115.58872;-31.96875;2;Contr-Drop (1w);-27.693737030029;89.00;200;-128.20517;-16.03125;-31.968748;3;70;de_cbble
125.87427;-84.293236;-25.491177;2;Droproom;-37.50;-134.00;250;71.86766;-142.35468;-29.982018;3;65;de_cbble
-775.3643;-742.6146;-31.96875;2;Statue;-16;26.515985488892;350;-658.2021;-671.363;-31.96875;3;31;de_cbble
-488.22226;-496.03125;-31.96875;3;Rock;-40.641716003418;-108.62953948975;450;0;0;0;0;0;de_cbble
-525.66534;-703.9884;-31.96875;2;Rock;-8.03742980957;83;300;0;0;0;1;0;de_cbble
237.89993;-1145.5494;-71.96875;2;Long;-2.80;119.7;500;206.40242;-1100.4938;-71.96875;3;61;de_cbble
-134.06981;-16.03125;-31.968748;2;Statue;-53.632595062256;-98.799905395508;700;-146.00151;-90.32831;-31.968748;3;48;de_cbble
-302.0957;-644.1477;-63.96875;3;Long;-2.2644119262695;29.994029998779;700;-197.0187;-583.49554;-63.96875;2;48;de_cbble
-173.8239;-655.00604;-61.96875;3;Long;-46.572860717773;96.50711517334;700;0;0;0;1;0;de_cbble
-621.26;-103.43;9706.10;3;FD;-20.69;25.98;550;-594.90;-67.21;9706.10;2;50;de_elysion
-587.97;-70.69;9664.03;3;FD;0.80;31.61;550;-560.93;-56.28;9664.03;3;50;de_elysion
-1108.55;-638.92;92.86;2;B Site (1W);-2.69;87.41;150;-1103.3;-569.7;91.84;1;0;de_overpass
-1028.10;-601.61;96.03;3;Barrels;-9.99;74.41;1000;-1018.28;-566.38;96.03;2;80;de_overpass
-585.51;-1259.07;121.56;2;Barrels;-27.62;98.25;2000;-613.54;-1085.98;43.86;2;12;de_overpass
-1562.5;-861.29;96.03;2;Barrels 1W;-19.1;58.89;100;-1562.94;-741.3;96.03;2;10;de_overpass
-1519.18;862.76;11783.24;2;Cement;-17.28;-154.51;400;-1519.18;862.76;11783.24;0;0;de_vertigo
-1478.67;654.5;11876.02;1;Spawn;-8.78;-108.34;1000;-1514.59;549.65;11874.53;2;35;de_vertigo
-1928.9;137.98;11776.03;3;Red Box;-25.32;128.73;150;-1928.9;137.98;11776.03;0;0;de_vertigo
-444.46;779.1;36.03;3;Box;-20.88;-51.65;150;-444.46;779.1;36.03;0;0;de_shortdust
303.94;147.67;7.44;3;Box;-4.7;-151.72;150;-305.97;147.27;6.83;0;0;de_shortdust
-2479.695068;-1913.139771;20.91993;4;CT Spawn to B Long;-28.346941;37.037228;800;0;0;0;1;0;de_cbble
-2991.96875;-787.961731;16.534187;4;Alley to Balcony;-26.549746;-35.08456;800;0;0;0;0;0;de_cbble
-1565.991821;1091.941406;64.093811;4;Middle to B Long;-45.771;-44.687805;800;0;0;0;1;0;de_cbble
-1566.001343;1091.941406;64.093811;4;Middle to Bombsite B;-41.761398;-44.687687;800;0;0;0;1;0;de_cbble
-1566.001099;1091.941406;64.093811;4;Mid Plateau to Terrace;-34.303406;-32.843147;800;0;0;0;1;0;de_cbble
-703.96875;-335.96875;-27.910431;4;B Long to B Long  |  Terrace boxes;-15.278869;25.283163;800;0;0;0;1;0;de_cbble
-2534.005371;-272.03125;-184.407272;4;CT Ramp to Balcony;-17.127037;-65.392319;800;0;0;0;1;0;de_cbble
-1864.96875;-1611.96875;96.093811;4;Balcony to A Long;-11.221231;136.023499;800;0;0;0;0;0;de_cbble
-823.96875;-1055.96875;-124.076149;4;B Door to B Long;-16.781809;34.054077;800;0;0;0;2;0;de_cbble
-1540.973389;-1226.978027;-25.199188;4;Connector to B Long;-50.672855;41.294445;800;0;0;0;1;0;de_cbble
-399.96875;-760.03125;-95.604759;4;Electric to B Long;-15.114135;32.888721;800;0;0;0;0;0;de_cbble
-3471.96875;-655.96875;32.093811;4;A Long to Hay;-17.325163;44.563553;800;0;0;0;0;0;de_cbble
-558.03125;-42.535999;0.093811;4;Halls to B Door;-62.173512;-100.720726;800;0;0;0;0;0;de_cbble
-3346.178711;455.572449;0.093811;4;Hay to A Door;-40.32724;-45.610413;800;0;0;0;0;0;de_cbble
-3167.270508;584.68512;0.093811;4;Hay to Grassy;-55.144222;-61.434193;800;0;0;0;0;0;de_cbble
-3295.975586;79.96875;-29.906189;4;A Long to GSG (Front);-36.680634;-52.524323;800;0;0;0;0;0;de_cbble
-3168.03125;79.96875;-29.906189;4;A Long to GSG (Site side);-47.158157;-65.556221;800;0;0;0;0;0;de_cbble
-3295.975586;79.96875;-29.906189;4;A Long to GSG (Storage side);-36.664104;-50.392738;800;0;0;0;0;0;de_cbble
-3330.79126;486.347137;0.093811;4;Hay to Storage;-39.484535;-50.469841;800;0;0;0;0;0;de_cbble
-339.98996;-80.03125;-31.906189;4;B Long to B Door;-61.379925;-112.67469;800;0;0;0;0;0;de_cbble
-340.020111;-80.03125;-31.907467;4;B Long to Hut;-53.921837;-52.166801;800;0;0;0;0;0;de_cbble
-155.970673;-16.010778;-31.906189;4;B Long to Hut;-50.869473;-69.63755;800;0;0;0;0;0;de_cbble
-340.028198;-80.013443;-31.906189;4;B Long to Hut;-41.414818;-54.226635;800;0;0;0;0;0;de_cbble
47.96875;-16.03125;-23.114716;4;B Long to Boost;-81.378204;-89.289169;800;0;0;0;0;0;de_cbble
-288.03125;1020.97052;128.093811;4;T Spawn to B Long;-51.547066;-53.167721;800;0;0;0;0;0;de_cbble
-288.101501;1021.120483;128.093811;4;T Spawn to Boost;-58.757492;-80.326363;800;0;0;0;0;0;de_cbble
-752.03125;-80.03125;128.093811;4;Skyfall (Upper) to Skyfall;5.361639;-119.332336;800;0;0;0;0;0;de_cbble
-354.614044;-239.96875;-31.914421;4;B Long to Boost;-79.035889;-11.570914;800;0;0;0;0;0;de_cbble
-703.96875;-80.710037;-28.92395;4;B Main to Site;-60.028107;-54.990608;800;0;0;0;0;0;de_cbble
-418.514893;-95.749924;-32.562836;4;B Main to Bombsite B;-75.323563;-61.343159;800;0;0;0;0;0;de_cbble
-155.978851;-16.03125;-31.906189;4;B Main to Bombsite B;-69.532074;-81.473053;800;0;0;0;0;0;de_cbble
-340.002045;-80.008286;-31.906189;4;B Long to Electric;-77.220078;-115.603859;800;0;0;0;0;0;de_cbble
116.094803;1043.494507;44.676018;4;Garden to Terrace boxes;-58.310825;-75.495697;800;0;0;0;0;0;de_cbble
-340.009552;-80.006195;-31.906189;4;B Long to Short;-52.99807;-64.715561;800;0;0;0;0;0;de_cbble
-340.020142;-80.03125;-31.906189;4;B Long to Hut (Inside);-45.127613;-60.174595;800;0;0;0;0;0;de_cbble
-2587.859863;-589.567139;26.807899;5;Grassy to CT Ramp;-50.110405;-70.796562;800;0;0;0;0;0;de_cbble
805.877014;-981.467834;-97.384857;5;Bombsite B to B Long;-23.479338;124.322365;800;0;0;0;0;0;de_cbble
751.96875;-511.389893;-65.751923;5;Terrace stairs to B Long;-23.726938;150.683289;800;0;0;0;0;0;de_cbble
-435.610718;-876.408997;-107.025925;5;Rock to B Long;-19.502989;39.250854;800;0;0;0;0;0;de_cbble
-2907.962402;-1976.022705;143.093811;5;Barrels to Alley;-8.300402;94.145882;800;0;0;0;0;0;de_cbble
-780.03125;111.931717;128.093811;5;Halls to Skyfall;-4.7685;-92.1838;800;0;0;0;0;0;de_cbble
-2863.96875;560.03125;0.093811;5;Catwalk to Hay;-16.071022;-13.690392;800;0;0;0;1;0;de_cbble
-590.995239;434.631622;-0.906189;5;Halls to Skyfall;-17.854057;-108.593758;800;0;0;0;0;0;de_cbble
-823.96875;-1055.96875;-124.076149;2;B Door to B Long;-16.74758;34.056389;800;0;0;0;2;0;de_cbble
-2907.962402;-1976.022705;143.093811;2;Barrels to Alley;-8.300402;94.145882;800;0;0;0;0;0;de_cbble
-2989.96875;-944.036682;32.093811;2;Alley to Balcony;-15.675012;-32.634476;800;0;0;0;2;0;de_cbble
-2989.96875;-944.371948;32.093811;2;Alley to A Door;-12.160514;-4.402364;800;0;0;0;2;0;de_cbble
-2989.96875;-944.008972;32.093811;2;Alley to Storage;-11.681991;-13.595568;800;0;0;0;0;0;de_cbble
-2405.378906;-599.939148;-83.420113;2;CT Ramp to Hidden;-20.048418;-104.975105;800;0;0;0;2;0;de_cbble
47.96875;-16.03125;-23.114716;2;B Long to Boost;-32.770023;-124.881889;800;0;0;0;0;0;de_cbble
-504.03125;-264.606079;-32.770229;2;B long to Terrace;-11.51805;9.807708;800;0;0;0;0;0;de_cbble
-2688.03125;719.96875;0.093811;2;Sidewalk to Straw;-40.721817;-119.006012;800;0;0;0;0;0;de_cbble
936.04;-1032.01;-257.947439;4;A Alley to CT;-12.78;-143.92;800;0;0;0;1;0;de_mirage
875.969;-1209.69;-108.9062;4;T Roof to Middle of Boxes in A;-21.6513;-149.336;800;0;0;0;0;0;de_mirage
1148.4;-1183.96;-205.57;4;T Roof to A Stairs;-43.1838;-165.255;800;0;0;0;0;0;de_mirage
815.969;-1457.4;-108.9062;4;T Roof to Jungle;-26.9191;-174.367;800;0;0;0;0;0;de_mirage
-1209.08;-873.271;-167.906;4;Window (Oneway);-48.214;66.405;800;0;0;0;0;0;de_mirage
-292.957;651.055;-79.9062;4;Alley to B Site;-38.3833;-168.915;800;0;0;0;0;0;de_mirage
399.969;-17.062;-199.764;4;Back of Top Mid to Short;-47.0854;-174.254;800;0;0;0;0;0;de_mirage
1135.97;647.976;-261.329;4;T Spawn to Connector;-28.5658;-140.282;800;0;0;0;1;0;de_mirage
-160.031;887.976;-135.2657;4;Alley to B Short;-44.5582;-134.517;800;0;0;0;0;0;de_mirage
-784.941;623.014;-75.9062;4;Alley to Kitchen Window;-60.6446;-155.417;800;0;0;0;0;0;de_mirage
-759.412;623.969;-75.9062;4;Alley to Back of B Site;-56.9029;-158.115;800;0;0;0;0;0;de_mirage
-539.649;520.031;-81.2567;4;Alley to Bench;-41.707;-178.889;800;0;0;0;0;0;de_mirage
-903.969;-376.031;-158.426;4;Short to A Palace;-17.0263;-60.0659;800;0;0;0;1;0;de_mirage
398.969;174.526;-248.867;4;Back of Top Mid to Connector;-47.1339;-136.79;800;0;0;0;0;0;de_mirage
367.969;-2207.2;-39.9062;5;A Palace to Balcony;-9.94947;-131.947;800;0;0;0;0;0;de_mirage
-261.389;-1546.36;-167.906;4;Sandwich to Jungle-Connector;-41.1821;-7.27481;800;0;0;0;1;0;de_mirage
-1952.03;691.415;-47.9062;1;B Aps to Kitchen Window;14.4959;-87.3997;800;0;0;0;1;0;de_mirage
-1769.493042;731.561462;-48;2;B Balcony to Kitchen Window;-7;-98.942162;800;-1774.520264;688.598206;16.031250;0;100;de_mirage
150.968964;-2071.96875;-167.96875;2;Under Balcony to A Palace;-32.7864;101.522;800;143.848862;-2033.425415;-103.968750;2;100;de_mirage
825.836426;-1237.558716;-108.96875;2;T Roof to Sandwich;-18.8574;-164.016;800;0;0;0;0;0;de_mirage
-1183.97;-456.031;-167.906;2;Window to Underpass;6.76069;-69.7633;800;0;0;0;0;0;de_mirage
360.08;-691.97;-162.5;4;Mid to Sniper's Nest;-32.53;178.61;800;0;0;0;0;0;de_mirage
-1668.9;-1092.42;-187.97;5;CT to Mid;-47.33;23.46;800;0;0;0;0;0;de_mirage
-152.12;353.03;-34.86;4;Alley to B Default;-47.58;178.95;800;0;0;0;1;0;de_mirage
-160.03;887.97;-135.33;4;Alley to Market Window;-50.38;-146.49;800;0;0;0;1;0;de_mirage
-160.03;887.97;-135.33;4;Alley to Market Door;-45.01;-152.88;800;0;0;0;1;0;de_mirage
-807.97;-1235.97;-167.97;4;Connector to Underpass;6.94;48.2;800;-787.088135;-1212.597412;-103.968750;2;200;de_mirage
16.03;-2359.99;-39.97;2;A Palace to Under Balcony;9.71;73.4;800;0;0;0;0;0;de_mirage
151;-1914.02;-167.97;5;Under Balcony to A Ramp;-0.8;-161.85;800;0;0;0;0;0;de_mirage
151;-1914.03;-167.97;5;Under Balcony to A Ramp (Popflash);-38.94;-104.34;800;0;0;0;0;0;de_mirage
-44.65;-1922.03;-167.97;5;Under Balcony to A Ramp;-13.1;104.1;800;0;0;0;0;0;de_mirage
150.97;-2071.97;-37.97;5;Balcony to A Palace;-13.56;104.33;800;144.118576;-2045.822388;26.031250;2;150;de_mirage
-752.03;-52.43;-161.88;5;Short to Mid;-52.99;-84.4;800;0;0;0;1;0;de_mirage
-2114.03;706.46;-134.96;5;Truck to B Apartments;-1.55;173;800;0;0;0;0;0;de_mirage
188.57;-53.5;-180.21;5;Top Mid to Window;-5.95;89.9;800;192.865402;36.343761;-143.633301;2;90;de_mirage
-1165.97;568.98;-79.97;5;B Apartments to B Truck;-3.57;-80.9;800;-1157.704346;513.762207;-15.968750;2;100;de_mirage
-1220.868286;664.031250;-80;5;B Short;-8;142;800;-1308.562866;743.480774;-15.968750;2;90;de_mirage
-552.37;-1309.03;-163.97;4;A Stairs to A Ramp;-77.32;-17.64;800;0;0;0;1;0;de_mirage
360.06;-691.98;-162.49;4;Mid to Short;-26.5;162.36;800;0;0;0;0;0;de_mirage
1148.4;-1183.96;-205.57;4;T Roof to Short;-32.25;153.79;800;0;0;0;1;0;de_mirage
-595.42;520.07;-83.03;4;Alley to Balcony;-50.2;171.48;800;0;0;0;0;0;de_mirage
-367.84;684.95;-79.90743896;4;Alley to Window;-38.97;-117.54;800;0;0;0;0;0;de_mirage
-1872.54;-247.97;-163.907439;4;B Site to Kitchen (Oneway);15.7;-141.92;800;0;0;0;0;0;de_mirage
-253.97;-2134.08;-172.887439;4;Triple Boxes to Stairs;-77.17;113.32;800;0;0;0;0;0;de_mirage
-1047.97;-314.01;-367.97;4;Tunnel to Short;-44.86;-74.22;800;0;0;0;0;0;de_mirage
-954.086365;-380.031250;-264;4;Tunnel to A Site;-63.806290;-76.661102;800;0;0;0;0;0;de_mirage
-1119.97;-1527.04;-156.017439;4;Jungle to A Ramp;-12.79;-0.66;800;0;0;0;0;0;de_mirage
743.97;-1719.28;-249.58;5;A Alley to A Site (Popflash);-5.38;176.14;800;0;0;0;0;0;de_mirage
-1710.97;-1489.33;-257.91;4;CT to A Ramp;-56.86;-1.2;800;0;0;0;1;0;de_mirage
-2026.36;-2029.97;-299.067439;4;CT to B Site;-29.43;86.93;800;0;0;0;1;0;de_mirage
-2031.97;-1957.02;-300.43;4;CT to B Default;-37.83;88.81;800;0;0;0;1;0;de_mirage
-1071.97;-380.03;-263.97;4;Mid to Tetris;-28.04;-50.06;800;0;0;0;1;0;de_mirage
-91.09;-1418.03;-115.97;4;Tetris to Stairs;-31.76;-62.54;800;0;0;0;1;0;de_mirage
-496.03;-1309.03;-159.97;5;A Stairs to A Site;-60.07;-77.06;800;0;0;0;0;0;de_mirage
1422.99;-248.01;-167.97;4;T Spawn to Window;-48.4;-172.58;400;1384.549805;-253.074539;-153.968750;3;90;de_mirage
1135.99;647.97;-261.39;4;T Spawn to Short;-43.86;-156.65;800;0;0;0;1;0;de_mirage
1422.99;34.83;-167.97;4;T Spawn to Window;-27;-166.36;800;1362.413452;19.897614;-153.968750;3;94;de_mirage
496.03;679.97;-135.97;4;T Spawn to B Arch;-45.7;-165.33;800;0;0;0;1;0;de_mirage
-1710.97;-1208.03;-255.08;4;CT Spawn to Alley;-48.81;67.43;800;0;0;0;1;0;de_mirage
1239.97;-1159.97;-246.27;4;A Alley to Jungle;-48.66;-173.19;800;0;0;0;1;0;de_mirage
1127.98;-1208;-108.97;4;A Alley to Window;-26.37;166.51;800;0;0;0;1;0;de_mirage
1398.97;-1255.97;-167.97;4;T Spawn to B Site;;-32.29;159.6;900;1337.898804;-1233.484009;-103.968750;3;80;de_mirage
1398.97;-1255.97;-167.97;4;T Spawn to B Default;-20.43;149.87;800;1301.671;-1199.498;-167.968;3;25;de_mirage
-1711.97;-761.03;-167.97;4;CT Spawn to Palace;-32.66;-38.86;800;0;0;0;1;0;de_mirage
494.66;583.6;-124;4;T Spawn to B Arch;-53.8;-176.55;800;0;0;0;1;0;de_mirage
-1120.03;-456;-167.97;4;Window (Oneway);54.42;-81.43;800;0;0;0;0;0;de_mirage
-1120.01;-796;-167.97;4;Window (Oneway);8.23;85.8;800;0;0;0;0;0;de_mirage
-554.98;-2103.68;-179.97;4;A Site to A Ramp;-16.11;41.08;800;0;0;0;0;0;de_mirage
-2416;-115.76;-157.97;4;B Site to B Apartments;-28.17;44.12;800;0;0;0;0;0;de_mirage
-365;-2173.03;-176.19;2;Triple Boxes to Tetris;-26;44.66;800;0;0;0;0;0;de_mirage
-31.92;-1418.02;-167.97;2;Tetris to Danger Box;-19.77;-138.12;800;0;0;0;0;0;de_mirage
343.3;-621.62;-163.43;5;Cart to Connector;-14.39;-171.28;800;0;0;0;0;0;de_mirage
-1367.97;815.99;-79.97;4;B Apartments to Short;-3.81;-159.38;800;0;0;0;0;0;de_mirage
-2114.03;830.58;-121.58;5;Truck to B Apartments;-69.51;38.82;800;0;0;0;0;0;de_mirage
-944.56;-119.97;-167.97;5;Short to B Site;-30.25;26.39;800;0;0;0;0;0;de_mirage
-1120;-854.38;-167.97;5;Window to Mid;-42.45;135.65;800;0;0;0;0;0;de_mirage
-496.03;-1309.03;-159.97;5;A Stairs to Connector;-65.18;-10.26;800;0;0;0;0;0;de_mirage
-496;-1392.27;-114.94;5;A Stairs to A Site;-47.82;93.07;800;0;0;0;0;0;de_mirage
1257.86;-871.97;-143.97;4;T Spawn to CT;-21.82;-144.34;800;0;0;0;1;0;de_mirage
814;-1547.99;-108.97;4;T Roof to Under Balcony;-27.97;163.55;800;0;0;0;0;0;de_mirage
457.97;-1712;-240.95;4;T Ramp (Oneway);-10.48;133.14;800;0;0;0;0;0;de_mirage
393.93;337.97;-251.97;4;Top Mid to Jungle;-34.96;-124.55;800;0;0;0;1;0;de_mirage
-91.09;-1418.01;-115.97;4;Tetris to CT;-28.22;-114.38;800;0;0;0;0;0;de_mirage
-190.94;696;-71.97;4;Alley to Truck;-20.58;179.22;800;0;0;0;1;0;de_mirage
1422.98;70.97;-112.9;4;T Spawn to Cat;-32.65;-163.53;800;0;0;0;0;0;de_mirage
-1862.97;176.02;-159.97;4;B Site to Alley;-42.82;21.95;800;0;0;0;0;0;de_mirage
-1863.97;335.97;-159.97;4;B Site to Palace;-31.19;-53.15;800;-1782.675659;244.580917;-101.718750;3;80;de_mirage
-1435.97;283.97;-167.97;4;B Site to Kitchen Oneway;-6.47;-131.31;800;0;0;0;0;0;de_mirage
-367.83;684.99;-79.97;4;Alley To Bombsite B;-50.2;-164.87;800;0;0;0;0;0;de_mirage
-253.97;-2134.08;-172.95;4;Triple Boxes to Triple Boxes (Oneway);10;113.65;800;0;0;0;0;0;de_mirage
32.01;-2375.82;-39.97;4;Palace to Balcony;4.91;62.56;800;0;0;0;0;0;de_mirage
-2026.397583;-2029.96875;-299.06015;4;CT Spawn to T Ramp;-15.3121;12.573707;800;0;0;0;1;0;de_mirage
360.0472717;-691.9969482;-162.4914856;4;Mid to connector A;-47.67001724;-153.4215698;800;0;0;0;0;0;de_mirage
502.9949341;-64.00534058;-160.0009613;4;Deep Jungle;-14.5402832;-134.1898346;800;0;0;0;1;0;de_mirage
502.9989014;-64.00974274;-160.0000153;4;A-CT-Danger Box;-23.71;-127.13;800;0;0;0;1;0;de_mirage
173.2526398;-935.9772949;-158.2187042;4;Connector;-13.03325081;126.1961365;800;150.699036;-905.474731;-102.968750;2;840;de_mirage
-1199.993408;-407.9803162;-55.96875;4;Under;21.69287872;-70.04964447;800;0;0;0;0;0;de_mirage
-739.0245361;292.997345;-143.96875;4;Jungle door;-23.91818237;-104.5920715;800;0;0;0;1;0;de_mirage
-739.0031128;292.9960022;-143.96875;4;CT;-14.34294987;-91.20688629;800;0;0;0;1;0;de_mirage
-736.3873291;241.0315704;-143.96875;4;Under;1.203971624;-99.34114075;800;0;0;0;1;0;de_mirage
-739.0004883;292.7853088;-143.96875;4;Under;1.100993752;-98.4666748;800;0;0;0;1;0;de_mirage
-739.0040283;292.9963379;-143.96875;4;Short Corner;-4.424672604;-128.7262878;800;0;0;0;1;0;de_mirage
-903.96875;-499.9707031;-93.984375;4;A CT-Danger Box;-18.63317299;-79.25532532;800;0;0;0;1;0;de_mirage
-903.9915161;-499.9977722;-93.984375;4;A wood;-17.91245651;-71.27622223;800;0;0;0;1;0;de_mirage
-903.9991455;-499.9790039;-93.984375;4;A ladder corner;-21.14938927;-63.09137344;800;0;0;0;1;0;de_mirage
-903.9921875;-499.9969788;-93.984375;4;A ninja;-24.44412804;-52.58943558;800;0;0;0;1;0;de_mirage
-903.992981;-499.9931946;-93.984375;4;Jungle door;-53.3758316;-104.4822006;800;0;0;0;0;0;de_mirage
-903.992981;-499.9125366;-93.984375;4;Deep ramp;-13.53035069;-31.94712257;800;0;0;0;1;0;de_mirage
-911.1849365;-30.03125;-167.96875;4;Ticket;-24;-88.47038269;800;-909.642700;-97.552177;-103.968750;3;90;de_mirage
-2031.996948;-1766.466064;-300.3618164;4;Palace;-25.84293747;-10.90940094;800;0;0;0;1;0;de_mirage
-1547.99939;-2407.999268;-240.0071716;4;Catwalk;-41.69853973;61.93376923;800;0;0;0;1;0;de_mirage
-1547.99939;-2407.96875;-240.0093231;4;Under;-24.40119553;74.34033966;800;0;0;0;1;0;de_mirage
-260.7835693;-2345.369141;-167.96875;4;High Mid;-18.49028397;85.76628876;800;0;0;0;1;0;de_mirage
-260.7849121;-2345.373535;-167.96875;4;CT;-74.41809464;-177.7084351;800;0;0;0;0;0;de_mirage
-253.9967346;-2134.012451;-172.94664;4;T palace;-56.87639236;33.15446472;800;0;0;0;1;0;de_mirage
-554.9998779;-2103.674316;-179.96875;4;T spawn catwalk;-18.47225952;30.68420982;800;0;0;0;1;0;de_mirage
-142.9728241;-1418.002319;-72.17536926;4;Ramp-Tetris;-22.59093285;-85.81513214;800;0;0;0;0;0;de_mirage
-142.9930573;-1418.007568;-72.17536926;4;Deep Ramp;-6.42623806;-23.00934792;800;0;0;0;1;0;de_mirage
-6.777032375;-1811.994263;-110.9795609;4;Under-Connector;-41.66684723;124.9441376;800;0;0;0;0;0;de_mirage
181.9987335;-1717.994629;-167.96875;4;B-Cat-Connector;-34;118;800;88.904724;-1609.185791;-106.250031;3;100;de_mirage
181.9987335;-1717.99585;-167.96875;4;B Aps Entrance;-40.44658661;111.0108261;800;157.429794;-1655.042480;-103.968750;3;100;de_mirage
-1135.96875;-592.0979004;11776.03125;4;Corner to ramp;-41.65561295;-23.77768707;800;0;0;0;0;0;de_vertigo
-901.9918823;-1359.96875;11715.03125;4;Ramp to passage;-38.46377563;57.92113495;800;0;0;0;0;0;de_vertigo
-841.9974365;-1359.96875;11648.03125;4;Ramp to A;-42.58230972;63.83896637;800;0;0;0;0;0;de_vertigo
-1065.885864;-354.5673828;11776.03125;4;Connector to passage;-30.12392998;-35.31285477;800;0;0;0;0;0;de_vertigo
1319.97;1613;1779.31;4;Pipes to Truck;-42.3969;-169.734;800;0;0;0;2;0;de_cache
-996.969;1440.25;1691.18;4;Corner to Vents;-12.7729;-47.085;800;0;0;0;1;0;de_cache
1810.82;865.999;1676.91;4;Wood Panels to Highway;-43.0693;176.759;800;0;0;0;1;0;de_cache
1319.91;1412.39;1701.09;4;Skull to Quad;-55.3814;155.922;800;0;0;0;0;0;de_cache
1037.04;513.031;1613.55;4;Corner to Forklift;-44.6378;112.031;800;0;0;0;1;0;de_cache
730.498;-1463.97;1614.09;4;Fence to B Site;-30.8836;161.23;800;0;0;0;0;0;de_cache
1230.76;1612.99;1701.97;4;Corner to Site | Truck;-61.6002;-176.367;800;0;0;0;0;0;de_cache
605.031;-149.969;1689.04;1;Vent to Z;15.5562;168.976;800;0;0;0;1;0;de_cache
-411.969;-418.969;1614.09;2;Checkers to Vent;-18.9595;8.87426;800;0;0;0;0;0;de_cache
-45.6796;-418.969;1614.09;5;Checkers to B Hall;-20.5039;45.5835;800;0;0;0;0;0;de_cache
568.969;-164.64;1748.09;2;Vent to Under Vent;4.08768;-130.003;800;0;0;0;0;0;de_cache
730.243;-1463.97;1614.09;2;Flash Room to Back Site;-28.4482;148.102;800;0;0;0;0;0;de_cache
960.007;-1463.97;1644.09;2;Flash Room to Default;-24.8676;171.447;800;0;0;0;0;0;de_cache
204.969;-1458.97;1659.09;4;Back Site to Heaven;-17.2942;128.952;800;0;0;0;0;0;de_cache
204.969;-1458.98;1659.09;2;Back Site to Heaven;-17.9179;131.368;800;0;0;0;0;0;de_cache
-530.345;-528.969;1731.46;2;Heaven to Back Site;-11.8888;-62.3155;800;0;0;0;0;0;de_cache
1776.27;867.486;1618.35;4;T Spawn Truck to Z;-17.6866;-156.009;800;0;0;0;1;0;de_cache
1018.02;593.727;1719;4;Boost to Z;-10.5544;-157.868;800;0;0;0;0;0;de_cache
204.969;-1458.97;1659.09;4;Back Site to CT;-54.5868;138.486;800;0;0;0;0;0;de_cache
376.41;-819.089;1614.09;4;B Hall to CT;-14.6233;137.173;800;0;0;0;2;0;de_cache
272.78;-748.37;1614.03;4;B Hall to Heaven;-33.28;137.4;800;0;0;0;0;0;de_cache
1880.82;615.969;1645.24;4;T Spawn Truck to Mid Box;-31.1609;-174.506;800;0;0;0;0;0;de_cache
1319.99;1339.23;1701.09;4;Long A to A Balcony;-60.6583;-178.654;800;0;0;0;0;0;de_cache
1320;1612.98;1779.31;4;Long A to Highway Side of A;-49.9069;-174.262;800;0;0;0;0;0;de_cache
833.031;326.987;1614.09;2;Garage to Sandbags;-16.5419;-151.03;800;0;0;0;0;0;de_cache
1762.03;318.361;1614.03;5;Garage to Mid;-11.1988;-176.684;800;0;0;0;0;0;de_cache
956.565;-1174;1614.09;5;B Hall to B Main;-12.6838;144.284;800;0;0;0;0;0;de_cache
1810.81665;865.96875;1676.912354;4;T Spawn to Z;-9.405066;-157.948578;800;0;0;0;1;0;de_cache
1037.03125;513.005066;1613.550293;4;Boost Boxes to Quad Stack;-51.793724;127.469002;800;0;0;0;1;0;de_cache
-461.03125;-764.96875;1796.09375;4;Heaven to B Halls;-0.907516;35.265495;800;0;0;0;0;0;de_cache
-996.979553;1440.231689;1691.182373;4;Car to Vents;-33.181599;-46.326721;800;0;0;0;2;0;de_cache
-782.198059;1110.000366;1689.439697;4;Car to Main;-9.703021;24.963852;800;0;0;0;0;0;de_cache
-617.96875;-764.940491;1796.09375;4;Heaven to B Halls;12.638;6.434308;800;0;0;0;0;0;de_cache
-367.03125;116.56559;1663.09375;4;Z (Oneway);-0.19867;-170.005798;800;0;0;0;0;0;de_cache
425.96875;-418.997192;1614.09375;4;Vent (Oneway);-20.180223;83.582611;800;0;0;0;0;0;de_cache
-429.96875;2244.96875;1687.09375;4;Quad boxes to Main;-66.017174;-31.140173;800;0;0;0;0;0;de_cache
-429.96875;2261.986328;1718.09375;4;Quad boxes to Main;-1.766171;-30.80728;800;0;0;0;0;0;de_cache
-50.012558;2261.96875;1687.09375;4;NBK to Main;-18.612713;-64.612831;800;0;0;0;0;0;de_cache
827.948181;-1463.96875;1614.09375;4;Toxic to Headglitch;-25.822598;165.04187;800;0;0;0;0;0;de_cache
1319.997803;1601.899658;1737.544922;4;Long A to Default;-47.685471;-174.764786;800;0;0;0;0;0;de_cache
1230.75415;1612.96875;1701.965088;4;Long A to Forklift;-74.514435;-173.894516;800;0;0;0;0;0;de_cache
1269.96875;1612.96875;1751.581787;4;Long A to Forklift  |  Default;-62.997536;-175.315842;800;0;0;0;0;0;de_cache
827.999878;-1463.96875;1614.09375;4;Toxic to Headglitch;-27.291553;163.36586;800;0;0;0;0;0;de_cache
1711.974121;463.987732;1614.09375;4;Garage to Middle Roof side;-10.675973;-167.299591;800;0;0;0;0;0;de_cache
1711.96875;-71.96875;1614.09375;4;Garage to Middle Spool side;-10.560504;161.185349;800;0;0;0;0;0;de_cache
837.744141;-872.015564;1614.09375;4;B Halls to Checkers;-15.362073;177.850555;800;0;0;0;0;0;de_cache
1319.992554;1578.756592;1701.09375;4;Long A to Balcony;-50.903076;-167.315948;800;0;0;0;0;0;de_cache
1319.96875;1520.395508;1701.09375;4;Long A to NBK;-57.767025;161.424835;800;0;0;0;0;0;de_cache
154.413376;2096.080566;1688.09375;4;Squeaky to NBK;9.370919;-29.337667;800;0;0;0;0;0;de_cache
139.03125;2197.96875;1688.09375;4;Squeaky to Forklift  |  Default;-6.040052;-60.836231;800;0;0;0;2;0;de_cache
2643.454346;12.689742;1613.09375;4;T Spawn to Middle;-11.831539;-179.061951;800;0;0;0;1;0;de_cache
1037.03125;513.03125;1613.550293;4;Boost Boxes (Oneway);-49.137814;104.639671;800;0;0;0;0;0;de_cache
827.971313;-1463.96875;1614.09375;4;Toxic to Default;-21.995483;162.191437;800;0;0;0;0;0;de_cache
2156.58374;-182.96875;1613.483887;4;T Spawn to Spool;-22.077839;161.943924;800;0;0;0;1;0;de_cache
960.03125;-1463.96875;1644.09375;4;Toxic to CT;-26.400745;162.85173;800;0;0;0;0;0;de_cache
1160.711182;715.841675;1613.09375;4;Long to Z;-31.334572;-153.088974;800;0;0;0;0;0;de_cache
1319.99707;1355.521484;1701.09375;4;Long to Safe  |  Quad Boxes;-49.913193;157.243423;800;0;0;0;0;0;de_cache
5.553447;-418.998749;1614.09375;5;Checkers to B Halls;-17.391062;53.037075;800;0;0;0;0;0;de_cache
-633.975891;-379.96875;1620.09375;5;Heaven to Bombsite B;-41.629662;-58.865555;800;0;0;0;0;0;de_cache
89.984558;2244.983398;1687.09375;5;NBK to Bombsite A;-71.181236;-93.482628;800;0;0;0;0;0;de_cache
114.96875;-107.322037;1613.718506;5;Sandbags to Middle;-16.913092;-84.200432;800;0;0;0;0;0;de_cache
-358.534668;2147.728027;1687.09375;5;Quad boxes to Main;-17.540194;2.039984;800;0;0;0;0;0;de_cache
204.96875;-1114.011475;1659.09375;5;New box to B Hall;-44.501499;112.792343;800;0;0;0;1;0;de_cache
-482.990204;1441.979736;1687.09375;5;Elektro to Main;-15.857206;11.924713;800;0;0;0;0;0;de_cache
879.802185;-872.03125;1614.09375;5;B Halls to Bombsite B  |  Checkers;-14.157107;177.892853;800;0;0;0;0;0;de_cache
1736.970581;308.96875;1614.09375;5;Garage to Middle;-9.157659;162.762833;800;0;0;0;2;0;de_cache
766.999634;1117.012329;1702.09375;5;Main to Bombsite A;-26.021078;117.366554;800;0;0;0;0;0;de_cache
1481.584961;-729.984558;1614.09375;5;B Halls to B Main;-16.715294;-165.484711;800;0;0;0;0;0;de_cache
1113.96875;-1173.96875;1614.09375;5;B Halls to Bombsite B;-11.088833;151.700394;800;0;0;0;0;0;de_cache
808.282593;-1173.96875;1614.09375;5;B Halls to Checkers;-9.570838;132.692581;800;0;0;0;2;0;de_cache
480.96875;2080.03125;1702.088379;5;Squeaky to Quad Boxes;-10.906268;119.346947;800;0;0;0;0;0;de_cache
11.759085;-148.994904;1613.09375;2;Sandbags to Boost;-32.654572;38.675369;800;0;0;0;0;0;de_cache
-905.036194;1031.001953;1693.963135;2;Car to Safe;-23.496885;43.063911;800;0;0;0;0;0;de_cache
1121.207642;-1455.96875;1616.884521;2;Toxic to Bombsite B;-26.13628;174.922928;800;0;0;0;0;0;de_cache
827.96875;-1463.96875;1614.09375;2;Toxic to Headglitch;-26.086803;167.349457;800;0;0;0;0;0;de_cache
1261.099487;1321.491089;1701.09375;2;Long A to Vents;-18.200563;-115.368744;800;0;0;0;2;0;de_cache
606.03125;-1463.96875;1614.09375;2;Toxic to Spray boxes;-32.968052;140.433624;800;0;0;0;0;0;de_cache
907.649597;-1228.03125;1614.09375;2;Toxic to Headglitch;-23.876366;-179.77179;800;0;0;0;0;0;de_cache
1350.702637;975.997009;1618.09375;2;Long to Sandbags;2.589756;-140.584335;800;0;0;0;1;0;de_cache
605.020508;-75.336723;1687.386475;2;Vent entrance to Sandbags;-24.338161;-171.54982;800;0;0;0;0;0;de_cache
605.005188;-149.96875;1689.035889;2;Vent entrance to Spools;-6.584105;133.537994;800;0;0;0;0;0;de_cache
-2041.28;902.592;480.094;4;Short Tunnel;-30.0849;-65.0901;800;0;0;0;0;0;de_overpass
-201.185;-919.1;30.6068;4;Barrels;-31.8449;117.134;800;0;0;0;0;0;de_overpass
-1557.14;-360.692;32.4734;4;Bridge;-43.515;21.5197;800;0;0;0;0;0;de_overpass
-3288.63;-358.969;536.094;4;Car;-21.6798;61.4749;800;0;0;0;0;0;de_overpass
-3288.63;-358.969;536.094;4;Container;-17.8298;59.7699;800;0;0;0;0;0;de_overpass
-3611.195557;-177.62674;512.836487;4;Long to Bank;4.685833;45.85442;800;0;0;0;1;0;de_overpass
-3580.172363;-78.238251;512.93634;4;Long to Back A;6.714474;32.608036;800;0;0;0;1;0;de_overpass
-1993.412598;537.720886;475.093811;4;CT Spawn to Canal pipe;-1.881;-43.970734;800;0;0;0;1;0;de_overpass
-2088.664551;918.095581;480.093811;4;CT Spawn to Monster;-16.533953;-48.058834;800;0;0;0;1;0;de_overpass
-3612.72583;-177.62674;512.779907;4;Long to Bank;3.035884;45.676239;800;0;0;0;1;0;de_overpass
-3580.172363;-78.238251;512.93634;4;Long to Back A;4.255975;32.542042;800;0;0;0;1;0;de_overpass
-2079.996582;670.613342;472.093811;4;CT Spawn to Pipe;-17.14472;-61.818825;800;0;0;0;0;0;de_overpass
-2115.841309;992.920288;480.093811;4;CT Spawn to Sandbags;-22.936214;-57.690578;800;0;0;0;0;0;de_overpass
-1926.860962;1311.96875;355.030579;4;Back A to Canal pipe;-46.200985;-40.010532;800;0;0;0;0;0;de_overpass
-2012.96875;-1231.96875;240.093811;4;Tunnels (Oneway);16.218643;63.144173;800;0;0;0;0;0;de_overpass
-2244.988281;801.227356;472.093811;4;CT Spawn to Pipe;-20.659;-59.482792;800;0;0;0;0;0;de_overpass
-1826.37561;629.178894;256.093811;4;Heaven (Oneway);26.580435;-17.457275;800;0;0;0;0;0;de_overpass
-1559.991455;-361.262207;32.424126;4;Construction (Oneway);-19.075224;-131.257538;800;0;0;0;0;0;de_overpass
-2191.96875;1311.96875;356.093811;4;Back A (Oneway);-8.86176;-55.390415;800;0;0;0;0;0;de_overpass
-1993.398926;537.698242;475.093811;4;CT Spawn to Long;-28.677984;-169.596695;800;0;0;0;0;0;de_overpass
-2445.471436;1043.549438;480.084656;4;CT Spawn to Pipe;-5.792435;-58.008457;800;0;0;0;1;0;de_overpass
-1929.296509;800.613403;480.093811;4;CT Spawn to Pipe;-13.266983;-67.330742;800;0;0;0;0;0;de_overpass
-2059.970947;633.612732;472.093811;4;CT Spawn to Monster;-33.990913;-43.224922;800;0;0;0;0;0;de_overpass
-3320.36084;-358.997864;536.093811;4;Cafe to GSG;-18.134613;62.146011;800;0;0;0;0;0;de_overpass
-1559.99939;-361.285339;32.421722;4;Construction to Bridge;-43.693123;21.193089;800;0;0;0;0;0;de_overpass
-2536.195557;-1056.03125;433.399048;4;Short to B Default;-25.873356;34.544403;800;0;0;0;0;0;de_overpass
-2025.534058;-865.001343;395.427856;4;Short to A Main;-28.313963;114.564102;800;0;0;0;0;0;de_overpass
-2351.96875;-414.03125;388.562317;4;Short to Back A;-60.588089;73.825958;800;0;0;0;0;0;de_overpass
-2162.000488;-519.96875;391.460358;4;Short to Bank;-29.749702;100.836487;800;0;0;0;0;0;de_overpass
-2537.055664;-1056.03125;433.399078;4;Short to Toxic  |  Pillar;-25.525805;38.119961;800;0;0;0;0;0;de_overpass
-2351.589111;-790.03125;388.75824;4;Short to Truck (In);-37.65332;79.287178;800;0;0;0;0;0;de_overpass
-2351.96875;-790.030823;388.806732;4;Short to Truck (Out);-37.735825;81.105255;800;0;0;0;0;0;de_overpass
-1751.96875;-671.96875;128.343811;4;Squeaky to Heaven;-21.813353;87.229683;800;0;0;0;0;0;de_overpass
-613.014099;-1082.017212;42.160416;4;Tracks to Toxic  |  Pillar;-29.337307;99.340714;800;0;0;0;0;0;de_overpass
-525.9823;-1551.984375;144.093811;4;Tracks to B Default;-43.807911;110.431473;800;0;0;0;0;0;de_overpass
-617.486389;-1509.028809;144.093811;4;Alley to Bridge;-48.988934;113.071342;800;0;0;0;0;0;de_overpass
-3612.545654;-177.62674;512.791992;4;Long to GSG;-40.392601;51.259613;800;0;0;0;0;0;de_overpass
-1645.96875;-1087.96875;96.093811;4;Construction to Toxic;-14.603092;62.433121;800;0;0;0;2;0;de_overpass
-1567.96875;-632.289246;7.324776;4;Construction to Bridge;-39.254143;57.023972;800;0;0;0;0;0;de_overpass
-1567.96875;-1087.984619;0.093811;4;Construction to B Default;-30.278185;74.646019;800;0;0;0;0;0;de_overpass
-1567.96875;-1087.989624;0.093811;4;Construction to Pit;-24.899216;71.312859;800;0;0;0;0;0;de_overpass
-1559.96875;-728.785583;52.574356;4;Construction to Heaven;-33.446209;96.293686;800;0;0;0;0;0;de_overpass
-730.03125;-2225.143799;240.093811;4;T Spawn to Restroom;-51.612926;149.045975;800;0;0;0;2;0;de_overpass
-3383.369629;35.247875;516.906006;4;Long to Back A;-18.035419;31.69908;800;0;0;0;0;0;de_overpass
-2174.002441;-1151.96875;398.197235;4;Short to Heaven;-26.368107;71.543701;800;0;0;0;0;0;de_overpass
-1645.986938;-1087.9823;96.093811;4;Construction to Pillar;-20.0158;55.835869;800;0;0;0;0;0;de_overpass
-2351.96875;-815.96875;391.089905;4;Short to Truck;-34.683971;81.500427;800;0;0;0;0;0;de_overpass
-1421.973022;-1087.96875;0.280518;4;Water to Walkway (Right);-28.760462;107.193207;800;0;0;0;0;0;de_overpass
-1259.998779;-1079.979126;0.093811;4;Water to Walkway (Left);-32.010883;110.080414;800;0;0;0;0;0;de_overpass
-3540.03125;-381.96875;528.0802;4;Cafe to Boxes  |  Truck;-14.256992;41.849758;800;0;0;0;0;0;de_overpass
-2604.023926;1102.215088;480.093811;5;Bank to Long;-24.090078;70.93821;800;0;0;0;0;0;de_overpass
-2012.911011;-1231.996216;240.093811;5;Connector to Lower Tunnel;-28.842152;44.554512;800;0;0;0;0;0;de_overpass
-1559.997192;-361.269562;32.426544;5;Construction to Bridge;-43.642719;21.174242;800;0;0;0;0;0;de_overpass
-1399.96875;-139.99884;0.093811;2;Safe to B Default;-15.444187;63.084324;800;0;0;0;0;0;de_overpass
-1894.376343;263.177185;160.093811;2;Walkway to B Default;-22.407324;-21.44619;800;0;0;0;0;0;de_overpass
-2022.995605;-48.03125;139.760818;2;Walkway to Pipe;-12.589812;-44.595539;800;0;0;0;0;0;de_overpass
-759.569702;-1903.184692;198.718872;2;Alley to Construction;-14.635645;112.223526;800;0;0;0;0;0;de_overpass
-3518.199951;-361.96875;525.707703;2;Cafe to Truck;-13.167252;35.511749;800;0;0;0;2;0;de_overpass
-1580.023315;-480.767883;136.093811;2;Construction to Toxic;-20.147602;53.764153;800;0;0;0;0;0;de_overpass
-1731.96875;-702.000977;96.093811;2;Construction to Pit Ramp;-18.035467;57.402164;800;0;0;0;0;0;de_overpass
-3328.006592;-358.999359;536.093811;2;Cafe to Bombsite A;-13.035878;50.825703;800;0;0;0;0;0;de_overpass
847.153259;790.03125;47.03125;2;Long to Car;4.800274;52.7133;800;0;0;0;1;0;de_dust2
-300;-1163.97;77.71;4;T Spawn to Xbox;-16.91;90.5;800;0;0;0;1;0;de_dust2
757.07605;-347.96875;8.093811;4;Outside long to Xbox;-13.943636;117.891571;800;0;0;0;1;0;de_dust2
1752.049561;2046.932739;0.365112;4;Long (Car) to Long Doors;-33.430305;-130.54628;800;0;0;0;0;0;de_dust2
-946.337830;2509.535156;-25.031250;4;CT Middle to Upper Tunnel;-28.222145;-146.586533;800;0;0;0;0;0;de_dust2
1624.519043;1710.172363;1.153809;4;Long to Long Doors;-28.464088;-136.48912;800;0;0;0;0;0;de_dust2
-854.114685;2499.377686;-41.031250;4;CT Middle to Back Plateau;-66.179523;165.189682;800;0;0;0;0;0;de_dust2
-1273.998047;2538.441162;57.232758;4;Window to Car;-69.713417;-114.456139;800;0;0;0;0;0;de_dust2
-242.03125;2278.887695;-119.931587;4;CT Spawn to Lower tunnels  |  Xbox;-32.687481;-123.649094;800;0;0;0;0;0;de_dust2
1639.070313;1999.315796;1.031250;4;Car to Long Doors;-35.738846;-127.236259;800;0;0;0;0;0;de_dust2
860.031250;790.031250;4.314232;4;Long to Cross;-23.414322;43.616291;800;923.785339;850.699585;65.152046;2;65;de_dust2
-1846.553223;1232.569824;32.496025;4;Upper tunnel to B Entrance;-8.613732;118.773392;800;0;0;0;0;0;de_dust2
-285.766388;1475.036377;-27.906189;4;Xbox to CT Spawn;-34.354065;133.947922;800;0;0;0;0;0;de_dust2
427.351166;1749.968750;4.281326;4;Short to CT;-76.82547;59.183929;800;0;0;0;0;0;de_dust2
-513.708435;1101.968750;-68.153992;4;Middle to CT Spawn;-16.187346;77.900352;800;0;0;0;0;0;de_dust2
-149.03125;1176.798218;-0.360607;4;Catwalk to CT Spawn;-15.049;129.474686;800;0;0;0;0;0;de_dust2
-538.606567;1382.03125;-111.957108;4;Lower tunnel to CT Middle;-35.36055;53.845985;800;0;0;0;0;0;de_dust2
229.130554;112.497559;5.215744;4;Outside long to Xbox;-40.624023;108.758316;800;0;0;0;0;0;de_dust2
489.968750;1600.060669;1.773712;4;Short (Oneway);-30.984039;133.077393;800;0;0;0;0;50;de_dust2
-275.010681;1345.370605;-122.675453;4;Xbox to CT Spawn (Smoke);-5.594321;128.32959;800;0;0;0;1;0;de_dust2
222.664124;-87.97821;9.093811;4;Outside long to Long;-46.250572;48.164497;800;0;0;0;0;0;de_dust2
-190.273788;-660.031250;52.202942;4;T Spawn to Long;-20.324608;52.983391;800;0;0;0;1;0;de_dust2
189.982376;1334.026611;1.146324;4;Short to CT;-15.592529;66.193123;800;0;0;0;0;0;de_dust2
489.968750;1446.031250;0.553154;4;Short;-5.67732;88.280685;800;0;0;0;0;0;de_dust2
-871.968750;2083.176025;-79.649643;5;CT Middle to Bombsite B;-33.192467;164.727142;800;0;0;0;0;0;de_dust2
-1273.968750;2568.728760;68.035858;5;Window to Bombsite B;-42;2;100;0;0;0;0;0;de_dust2
-275.03125;1345.385132;-122.547989;5;Xbox to Middle doors (Flash);-38.347153;62.329086;800;0;0;0;0;0;de_dust2
-521.96875;1101.96875;-69.915092;5;Middle to Short;-29.585243;28.768139;800;0;0;0;0;0;de_dust2
572.03125;-395.96875;8.093811;5;Outside long to Long;-33.133152;61.396862;800;0;0;0;0;0;de_dust2
-984.909424;2553.218994;1.106842;2;CT Middle to Car;-22.044695;-129.863113;800;0;0;0;0;0;de_dust2
-275.03125;1345.421997;-122.247765;2;Xbox to Middle doors (molo);-32.753494;134.837158;800;0;0;0;0;0;de_dust2
1077.999756;-753.979309;-223.906189;4;Connector to Blue train;-45.80407;143.151688;800;0;0;0;1;0;de_train
1021.096924;-254.988556;-215.906189;4;A1 to Break Room;-38.494926;154.562332;800;0;0;0;0;0;de_train
-655.999207;-449.66864;16.093811;4;White halls to Ivy;-38.577927;27.880314;800;0;0;0;0;0;de_train
-613.161682;-583.96875;16.093811;4;White halls to Green train;-44.022999;53.455647;800;0;0;0;0;0;de_train
-1155.979004;-1301.504395;-95.906189;4;Boilers to H2  |  Bomb train;-15.857571;38.88282;800;0;0;0;2;0;de_train
-1055.96875;-1607.969116;-151.906189;4;Boilers to B Upper;-9.076089;-21.028521;800;0;0;0;0;0;de_train
-1159.999634;-1048.001709;-95.906189;4;Boilers to Connector;-11.023086;5.091055;800;0;0;0;2;0;de_train
-1159.978027;-1088.112549;-95.909508;4;Boilers to H2 Lower;-6.832071;13.307947;800;0;0;0;2;0;de_train
-526.628235;1325.40686;-86.839478;4;T Spawn to Bomb train;-26.41748;-57.328667;800;0;0;0;0;0;de_train
-453.358459;1286.284668;-86.490753;4;T Spawn to Bomb train;-25.130558;-58.731426;800;0;0;0;0;0;de_train
-645.47937;1697.721924;-209.906189;4;T Spawn to Blue train  |  Red train;-41.56469;-65.086685;800;0;0;0;0;0;de_train
-803.572388;388.278839;-215.906189;4;T Spawn to Green train;-21.022144;13.708805;800;0;0;0;0;0;de_train
-645.469482;1697.722534;-209.908966;4;T Spawn to Electric box;-42.05962;-72.308723;800;0;0;0;0;0;de_train
-555.03125;1262.03125;-212.532227;4;T Spawn to Blue train;-68.09655;-50.974125;800;0;0;0;0;0;de_train
-481.865631;1725.011597;-209.906189;4;T Spawn to Electric box;-45.93708;-78.790627;800;0;0;0;0;0;de_train
-660.665283;1157.718262;-216.906189;4;T Spawn to A Train;-43.198013;-44.553295;800;0;0;0;0;0;de_train
-838.162292;1268.024414;-222.906189;4;T Spawn to Red Train  |  Green Train;-37.604507;-42.064575;800;0;0;0;0;0;de_train
-640.027832;-583.969666;16.093811;4;B Stairs to Ivy  |  Green Train;-44.699406;32.218452;800;0;0;0;0;0;de_train
1388.42627;1446.000488;-223.906189;4;T Long to Ivy;-6.188282;-95.524574;800;0;0;0;0;0;de_train
1535.96875;1775.96875;-223.906189;4;T Long to A2;-9.818258;-112.486588;800;0;0;0;2;0;de_train
-653.999329;-479.968719;16.093811;4;B Stairs to Connector;-41.597443;-8.42019;800;0;0;0;0;0;de_train
-448.614746;1236.03125;-86.839478;4;T Spawn to Connector;-29.766037;-58.441879;800;0;0;0;0;0;de_train
-655.96875;-399.892731;16.093811;4;White halls to Bomb train  |  Connector;-46.002502;10.89071;800;0;0;0;0;0;de_train
50.86047;-1023.914978;-164.55777;5;Bombsite B to Boilers;-23.860077;-179.212845;800;0;0;0;0;0;de_train
400.03125;-420.03125;-211.777573;5;Connector to Bombsite A;-28.85902;-89.674629;800;0;0;0;2;0;de_train
-799.032654;-1731.970947;-127.906189;5;Upper to Boilers;-13.036031;0.827849;800;0;0;0;0;0;de_train
-989.218689;-1637.97937;-151.906189;2;Boilers to Ladder;-10.660044;-19.426443;800;0;0;0;0;0;de_train
-790.028748;375.928741;-215.906189;2;Break Room to Blue Train  |  Green Train;-11.270589;27.332729;800;0;0;0;2;0;de_train
-750.761169;304.03125;-215.906189;2;Break Room to Electric Box;-3.053643;51.947502;800;0;0;0;1;0;de_train
-916.118713;-1143.96875;-415.917816;4;T Spawn to CT Red;-18.249531;-14.669739;800;0;0;0;1;0;de_nuke
1664.03125;-280.002014;-351.90625;4;CT Spawn to Outside T;-25.048063;-135.212463;800;0;0;0;1;0;de_nuke
-891.998962;-1168.323486;-413.906189;4;T Spawn to Garage;-17.572639;-17.452114;800;0;0;0;1;0;de_nuke
-891.951721;-1263.96875;-415.906189;4;T Spawn to Hut roof;-17.688993;4.36083;800;0;0;0;1;0;de_nuke
1370.326782;-2447.993164;-452.117767;4;Secret (Oneway);37.305859;-88.044754;800;0;0;0;0;0;de_nuke
1041.013916;-512.03125;-103.906189;4;Heaven (Oneway);3.827516;-88.642143;800;0;0;0;0;0;de_nuke
-438.052002;-1060.469238;-156.656189;4;T Roof to Secret entrance;-14.751043;-37.170055;800;0;0;0;0;0;de_nuke
-533.003357;-833.215759;-193.634827;4;T Roof to Red box;-30.904673;-43.816589;800;0;0;0;0;0;de_nuke
-73.96875;-1033.96875;-91.406189;4;T Roof to Yard;-5.478057;-60.118416;800;0;0;0;0;0;de_nuke
50.070557;-1051.997803;-47.906189;4;T Roof to Heaven;-16.468109;31.109758;800;0;0;0;0;0;de_nuke
-363.668243;-1443.45105;-287.906189;4;T Roof to Garage;-31.120029;-14.295693;800;0;0;0;0;0;de_nuke
-496.427063;-1644.334961;-415.906189;4;Oustide T to Catwalk corner;-42.834888;3.866335;800;0;0;0;0;0;de_nuke
251.96875;-449.96875;-415.906189;4;Trophy to Ramp;0.444593;124.861145;800;0;0;0;2;0;de_nuke
63.064407;-1430.763794;-89.906189;4;Silo to Secret entrance;2.540244;-31.097244;800;0;0;0;0;0;de_nuke
22.190968;-280.017548;-171.906189;4;T Roof to Main;-28.149817;-62.744186;800;0;0;0;0;0;de_nuke
167.962311;-1181.793823;-155.906189;4;T Roof to Under catwalk;-66.842072;-11.267667;800;0;0;0;0;0;de_nuke
-50.990414;-338.030182;-108.791183;4;T Roof to Heaver corner;-21.384789;-23.68574;800;0;0;0;0;0;de_nuke
-164.092941;-1954.733765;-415.916107;4;Outside T to Garage;-13.613587;1.278547;800;0;0;0;0;0;de_nuke
185.746246;-1261.861572;-85.906189;4;T Roof to Secret;-57.486801;-46.527817;800;0;0;0;0;0;de_nuke
167.985001;-1144.008057;-171.906189;4;T Roof to Heaven (Outside);-62.865753;30.048834;800;0;0;0;0;0;de_nuke
-423.996399;-1753.002075;-415.914856;4;Outside T to Yard;-2.624159;-50.804165;800;0;0;0;2;0;de_nuke
416.48;1768.7;128.65;4;Smoke CT on B Plant;-48.07;65.35;800;0;0;0;0;0;de_inferno
-79.45;1330.01;106.77;4;B Plant 1 (FNATIC);-36.52;66.62;800;0;0;0;0;0;de_inferno
721.26;49.05;94.28;4;Short;-36.35;55.47;800;0;0;0;0;0;de_inferno
1912.797729;2621.056885;244.500916;4;Smoke Construction Retake;-38.61;158.63;800;0;0;0;0;0;de_inferno
-79.448692;1330.03125;106.771469;4;Banana (Logs) to Spools;-11.005769;69.318787;800;0;0;0;1;0;de_inferno
2032.023682;2975.97583;133.090286;4;CT Spawn to B Entrance;-38.131714;-154.727448;800;0;0;0;0;0;de_inferno
151.96875;3063.995117;160.093811;4;Dark to B Entrance;-8.019628;-40.489166;800;0;0;0;0;0;de_inferno
386.385803;2537.66333;160.093811;4;C2 to B Entrance;-26.500118;-19.823505;800;0;0;0;0;0;de_inferno
2479.925293;-16.031250;98.300232;4;Pit (Oneway);0.098992;-132.038345;800;0;0;0;0;0;de_inferno
2129.03125;1917.96875;128.093811;4;CT Spawn to T;-46.826851;-121.514229;800;0;0;0;0;0;de_inferno
1329.921631;2977.21875;144.343811;4;Ruins to Banana;-30.755987;-129.919357;800;0;0;0;0;0;de_inferno
2643.637207;-337.03125;90.823151;4;Pit (Oneway);-17.044886;171.898758;800;0;0;0;0;0;de_inferno
2631.96875;-16.03125;84.093811;4;Pit (Oneway);-5.692367;-179.12886;800;0;0;0;0;0;de_inferno
1913.227295;1225.96875;174.093811;4;Arch to Balcony;-46.497322;-87.005005;800;0;0;0;0;0;de_inferno
1971.687988;2636.702393;128.093811;4;Well to Fountain;-39.996227;175.975357;800;0;0;0;0;0;de_inferno
2110.925537;-319.9888;292.093811;4;Balcony (Oneway);-16.187532;130.413361;800;0;0;0;0;0;de_inferno
875.96875;2481.443359;145.093811;4;Bombsite B to Banana (Deep);-23.992226;-125.139305;800;0;0;0;0;0;de_inferno
122.978165;1593.462891;113.031250;4;Banana (Logs) to CT Spawn;-34.798424;56.149929;800;0;0;0;0;0;de_inferno
491.936829;-267.96875;88.093811;4;2nd Middle to Long;-42.024933;45.854645;800;0;0;0;0;0;de_inferno
295.990173;644.004761;20.093811;4;Underpass to Short;-22.455982;-11.856322;800;0;0;0;0;0;de_inferno
338.871887;1650.802856;122.093811;4;Banana to Spools;-50.093639;84.572739;800;0;0;0;0;0;de_inferno
-874.629822;507.576660;-32.031250;4;T Spawn to Mid;-8.848992;-0.368756;100;0;0;0;1;0;de_inferno
726.000305;246.549271;91.627228;4;2nd Middle to Long;-30.079454;40.926552;800;0;0;0;0;0;de_inferno
361.207794;1795.970947;125.613968;4;Banana to CT Spawn;-32.027519;58.743397;800;0;0;0;0;0;de_inferno
726.010803;186.011993;97.527359;4;2nd Middle to Arch;-46.349754;45.800774;800;0;0;0;0;0;de_inferno
110.815239;1569.627441;132.076431;4;Logs to Spools;-45.094753;76.556061;800;0;0;0;0;0;de_inferno
960.90033;434.006409;88.093811;4;T to Moto;-49.863846;13.159984;800;0;0;0;0;0;de_inferno
721.03125;393.320099;92.906311;4;2nd Middle to Truck;-51.959007;-19.791485;800;0;0;0;0;0;de_inferno
460.464905;1828.470825;136.182693;2;Banana to C1;-25.443281;86.280159;800;0;0;0;0;0;de_inferno
790.03125;-302.988647;99.04657;4;2nd Middle to Short;-58.426853;41.080406;800;0;0;0;0;0;de_inferno
726.048767;246.789902;91.620178;4;2nd Middle to Boost  |  Default;-50.952045;-1.720898;800;0;0;0;0;0;de_inferno
726.03125;220.962921;94.029999;4;2nd Middle to Truck  |  Pit;-55.24189;-8.699924;800;0;0;0;0;0;de_inferno
960.156067;434.03125;88.093811;4;T to Library;-47.024956;28.967554;800;0;0;0;0;0;de_inferno
704.160339;11.96875;88.797089;4;2nd Middle to Pit;-52.337799;-2.135024;800;0;0;0;0;0;de_inferno
1291.03125;1186.03125;160.093811;5;Cubby to T;-77.15493;-1.665051;800;0;0;0;0;0;de_inferno
1517.968750;792.031250;139.954315;5;Close to Middle;-16.91309;-160.268402;800;0;0;0;0;0;de_inferno
1314.031250;347.201843;129.031250;5;T to Middle;-26.450598;-90.553787;800;1313.950684;296.031250;129.031250;2;150;de_inferno
941.96875;2221.96875;142.46434;5;Porch to Banana;-29.420738;-142.099823;800;0;0;0;0;0;de_inferno
498.96875;2444.03125;160.093811;5;C1 to Banana;1.748943;142.807571;800;0;0;0;0;0;de_inferno
1024.010986;2654.032227;133.191925;5;Tree to Banana;-9.587554;-0.419661;800;1099.634521;2654.000488;133.584564;2;80;de_inferno
1347.063721;829.999756;145.19693;5;Close to Middle;-54.995609;98.37117;800;0;0;0;0;0;de_inferno
1721.96875;1012.001038;171.093811;5;Long to T;-35.408978;-179.344696;800;0;0;0;0;0;de_inferno
1762.03125;1447.951416;160.093811;5;Arch to Long;-40.705269;-37.09687;800;0;0;0;0;0;de_inferno
498.96875;2444.03125;160.093811;5;C1 to Banana;1.9965;166.338852;800;0;0;0;0;0;de_inferno
610.96875;1873.03125;134.252365;5;Sandbags to Banana;-44.186985;-0.872295;800;0;0;0;0;0;de_inferno
1487.96875;760.018494;138.93573;5;Close to Middle;-35.937;-164.238937;800;0;0;0;0;0;de_inferno
1121.03125;-367.96875;256.093811;5;Dark to Stairs;-6.798101;74.801872;800;0;0;0;0;0;de_inferno
1744.03125;2694.496826;160.093811;5;Speedway to Bombsite B;-2.161512;-100.138107;800;0;0;0;0;0;de_inferno
736.005554;159.9935;99.411682;5;2nd Middle to T;-28.429869;50.241528;800;0;0;0;0;0;de_inferno
273.982513;1378.460449;107.093811;5;Banana to Car;-71.196579;151.149689;800;0;0;0;0;0;de_inferno
272.03125;644.011841;20.093811;5;Underpass to T;-30.67366;0.774419;800;0;0;0;0;0;de_inferno
1275.96875;-111.96875;256.093811;5;CT Apps to T;9.454458;116.691383;800;0;0;0;0;0;de_inferno
929.176636;3295.995117;144.093811;2;Ruins to Grill;-45.887463;-131.960571;800;0;0;0;1;0;de_inferno
248.001083;2883.03125;160.093811;2;Fountain to B Entrance;-19.76786;-44.473083;800;0;0;0;0;0;de_inferno
1128.016113;2643.000488;134.560135;2;Tree to Dark;-24.899345;154.803116;800;0;0;0;0;0;de_inferno
1483.84021;2893.96875;129.529922;2;CT to C1  |  C2;-16.120533;-162.139648;800;0;0;0;0;0;de_inferno
1128.000122;2643.03125;134.557571;2;Tree to New box;-23.001171;-178.221207;800;0;0;0;0;0;de_inferno
875.998718;2386.237793;145.306152;2;B Entrance to New boxes;-17.886372;166.898911;800;0;0;0;0;0;de_inferno
664.96875;1873.03125;168.093811;2;Sandbags to Spools;-24.272781;96.641022;800;0;0;0;0;0;de_inferno
695.087219;-267.96875;99.093811;2;2nd Middle to Boiler;-21.53253;32.424114;800;0;0;0;0;0;de_inferno
894.859619;-56.048077;296.093811;2;Window to Patio Roof;-47.141594;0.826806;800;0;0;0;0;0;de_inferno
474.21875;2034.300049;203.093811;2;Car to Dark;-20.593023;109.52446;800;0;0;0;0;0;de_inferno
339.972687;2027.928101;128.093811;2;Banana to C1;-46.366074;69.403351;800;0;0;0;1;0;de_inferno
409.345978;2009.172729;128.093811;2;Banana to C2;-23.414471;119.236206;800;0;0;0;1;0;de_inferno
327.111023;1627.3396;122.093811;2;Banana to Sandbags;-11.122025;56.075432;800;0;0;0;2;0;de_inferno
1764.96875;-108.96875;130.135925;2;Short to Under balcony;-27.621223;60.546925;800;0;0;0;0;0;de_inferno
-803.03;71.72;89.54;2;under water;-12.70;124.66;500;-836.19;118.17;96.03;2;50;de_overpass
-856.03;-638.96;96.03;2;heaven;2.93;128.65;500;-911.99;-568.79;96.03;3;50;de_overpass
-996.96;-539.15;96.03;1;unsafe water;2.26;101.00;500;-1020.63;-418.35;96.03;2;50;de_overpass
-784.00;495.96;96.03125;1;Construction;-16;-95.88;500;0;0;0;0;50;de_overpass
-769.12;37.37;72.59;3;under water;-8.08;-140.15;500;-812;0;96;2;50;de_overpass
814.35;14.36;164.03;1;Short One-way;-38.37;-74.33;500;0;0;0;0;50;de_guard
757.32;25.99;164.03;2;Short One-way;-34.20;-68.27;500;0;0;0;0;50;de_guard
-273.15;307.99;-30.03;2;rightside Truck;-14.03;-79.61;500;0;0;0;0;50;de_guard
620.61;-51.94;1.25;3;Short One-way;10.17;-107.54;500;598.79;-104.83;2.33;3;50;de_guard
367.96;-256.45;8.03;3;Truck;-4.17;-100.60;500;351.86;-339.31;13.84;2;60;de_guard
407.64;-1579.36;-175.96875;3;Box;-10.09;121.81;500;0;0;0;0;50;de_guard
-623.61;-313.87;-207.97;2;Fakeduck;2.19;-66.59;500;0;0;0;1;50;de_guard
-271.105;178.76;-9.50;2;inside Truck;-12.37;-77.69;500;0;0;0;0;50;de_guard
653.62;1228.17;-94.75;3;Fakeduck (Spawn);-11.59;-147.82;500;0;0;0;0;50;de_guard
842.85;471.80;8.03125;3;Fakeduck (Box);-16.83;-106.45;500;819.34;401.01;8.03;2;70;de_guard
-692.85;391.32;-141.99;2;Plant;2.58;-67.51;500;0;0;0;1;100;de_guard
740.07;-689.29;9599.53;3;One-way;-18.81;54.20;500;804.80;-600.43;9559.53;2;60;de_elysion
774.86;-654.34;9599.53;3;One-way (better);6.17;54.85;500;832.88;-567.23;9599.53;3;50;de_elysion
-206.46;-580.85;9615.03;3;Fakeduck (manual (duck));-23.81;46.49;500;0;0;0;0;50;de_elysion
-492.78;34.87;9664.03;2;Fakeduck;-17.71;9.53;500;0;0;0;0;50;de_elysion
-378.64;153.75;9664.03;1;Right Side;9.78;-5.70;500;0;0;0;1;50;de_elysion
-128.24;42.03;9664.03;2;Fakeduck;9.12;29.77;500;0;0;0;1;50;de_elysion
547.56;-373.77;9600.03;1;Fakeduck;-8.47;54.58;500;592.07;-310.58;9600.03;2;70;de_elysion
-675.60;66.67;9664.03;1;best hae (Fakeduck);-14.96;6.55;500;-620.08;73.56;9664.03;2;70;de_elysion
-194.00;169.26;9664.03;1;right side;8.51;-12.95;500;0;0;0;1;50;de_elysion
-337.19;63.13;9664.03;1;Fakeduck;7.75;9.12;500;0;0;0;1;50;de_elysion
-157.39;-524.03;9629.03;3;Fakeduck;-23.92;47.18;500;0;0;0;0;50;de_elysion
570.40;-440.28;9600.03;2;Fakeduck (notthatgood);-15.58;59.69;500;650.95;-301.98;9600.03;2;50;de_elysion
-466.66;222.07;9728.03;2;Fakeduck;-13.60;-18.98;500;-387.46;195.08;9728.03;2;70;de_elysion
-547.26;261.33;9714.03;2;Fakeduck;-15.422;-19.86;500;-410.30;212.42;9728.03;2;70;de_elysion
4.93;210.71;9664.03;2;lul;-13.05;20.75;500;0;0;0;0;50;de_elysion
-942.38;612.12;11873.03;2;plant 1w;-11.47;165.99;500;0;0;0;0;50;de_vertigo
-861.59;608.50;11873.03;2;doublebox 1w;-7.69;178.13;500;-942.38;612.12;11873.03;2;50;de_vertigo
-840.56;646.05;11776.03;2;behind box;-19.07;178.26;500;0;0;0;0;50;de_vertigo
-677.93;665.88;11783.02;2;behind box;-16.67;179.98;500;0;0;0;0;50;de_vertigo
-2623.50;561.84;11753.75;2;push;-27.26;33.11;500;-2576.03;593.30;11747.96;2;70;de_vertigo
-2238.34;-129.43;11600.30;3;One-way;-32.04;85.63;500;0;0;0;0;50;de_vertigo
-2176.25;-89.63;11580.38;3;One-way;-19.46;119.63;500;0;0;0;0;50;de_vertigo
-2046.96;-39.99;11868.03;3;fd box(team help);-11.15;92.71;500;0;0;0;0;50;de_vertigo
-2032.29;-578.73;11776.03;2;Fakeduck;-22.08;62.26;500;0;0;0;0;50;de_vertigo
-1890.48;-295.96;11799.03;3;Fakeduck+Sandbags;-9.79;59.38;500;0;0;0;0;50;de_vertigo
-1839.63;-214.72;11776.03;3;Fakeduck;-13.31;66.15;500;0;0;0;0;50;de_vertigo
-1834.61;-180.30;11776.03;2;Fakeduck down;-16.74;59.09;500;0;0;0;0;50;de_vertigo
-1723.35;-510.81;11776.03;2;One-way;-31.39;115.30;500;0;0;0;0;50;de_vertigo
-1689.16;-527.96;11776.03;2;wall228;-27.92;113.06;500;0;0;0;0;50;de_vertigo
-1680.03;155.03;11776.03;3;fd Sandbag and Double Box;-13.40;157.58;500;0;0;0;0;50;de_vertigo
-1634.82;764.95;11776.03;3;wall;-13.50;-151.72;500;0;0;0;0;050;de_vertigo
-1459.44;585.34;11874.53;3;Push;-6.43;-115.20;500;-1491.20;519.06;11873.53;2;70;de_vertigo
-1503.11;616.25;11874.53;2;Push;-9.04;-107.78;500;-1520.50;561.76;11874.53;2;70;de_vertigo
-1434.04;980.35;11776.03;1;Plant;-8.90;-136.94;500;-1525.52;894.89;11785.03;2;60;de_vertigo
-1433.40;972.87;11776.03;2;Plant;-8.85;-134.87;500;-1510.86;895.36;11776.03;2;60;de_vertigo
-1380.79;963.83;11776.03;3;Boxes-Left;-20.65;-145.78;500;-1502.24;881.54;11776.03;2;70;de_vertigo
-1368.03;1017.91;11777.03;3;Box Fakeduck;-21.43;-153.68;500;0;0;0;0;50;de_vertigo
-1999.968;-246.998;-159.133;5;Market to Apps;-18.922;75.592;800;0;0;0;0;0;de_mirage
-2199.968;88.031;-159.968;5;Bomb to Apps;-17.444;44.325;800;0;0;0;0;0;de_mirage
-2232.320;176.031;-159.968;5;Good Apps sup;-17.832;38.4730;800;0;0;0;0;0;de_mirage
146.031;-935.805;-166.884;4;Water to Short;-58.620;131.419;800;0;0;0;1;0;de_mirage
-1456.031;-1888.012;-255.968;4;B retake car;-22.935;112.114;800;0;0;0;1;0;de_mirage
-1275.996;-1240.031;-167.968;4;Jugle to CT;-42.515;-69.069;800;0;0;0;0;0;de_mirage
-351.926;887.968;-124.979;4;jungle fake;-17.964;-97.365;800;0;0;0;1;0;de_mirage
-351.926;887.968;-124.979;4;stairs fake;-34.859;-94.153;800;0;0;0;1;0;de_mirage
460.968;-1520.000;-242.449;2;Cave to Stairs;-22.715;-179.409;800;0;0;0;0;0;de_mirage
-1512.649;-1548.840;-259.968;4;CT to B retake;-22.685;141.572;800;-1607.459;-1473.620;-265.666;3;25;de_mirage
1149.449462890625;434.03125;110.89;2;Mid A Left Fire;1.6133801937103271;48.90;500;0;0;0;1;0;de_inferno
1289.9197998046875;540.9373168945313;121.49;2;Archade;-46.20145034790039;54.24;500;1368.091797;649.320374;130.78;3;70;de_inferno
1370.03125;929.795166015625;146.59;2;CT Spawn;-15.146607398986816;30.06;500;1443.979492;972.848572;148.03;2;70;de_inferno
1517.967529296875;681.1097412109375;137.56;2;underpass;-20.40003776550293;-176.84;500;0;0;0;0;0;de_inferno
1643.802490234375;1214.0023193359375;161.27;1;Mid;12.230835247039795;-125.15;500;1521.544312;1040.435059;154.38;3;70;de_inferno
1733.215210;-44.736149;131.03;2;OnSpot/Far Corner;-12.087965965271;43.12;500;1884.639160;96.733231;130.54;2;70;de_inferno
1762.0330810546875;1360.9228515625;160.03;2;GraveyardV2;-19.634239196777344;-54.91;500;0;0;0;0;0;de_inferno
1813.5391845703;35.910182952881;128.07;1;OnSpot;-11.584044456482;44.00;500;0;0;0;0;0;de_inferno
1832.9774169921875;1387.2230224609375;160.031250;2;A Box;-25.156794;-76.53;500;0;0;0;0;0;de_inferno
1034.745361328125;3173.236328125;128.031250;2;B Spools Fire;-49.856807708740234;-146.42259216308594;500;0;0;0;1;0;de_inferno
1130.03125;2803.01025390625;128.022980;4;Banana;-26.404943466186523;-144.11083984375;500;0;0;0;0;0;de_inferno
1314.03125;341.7747802734375;129.031250;4;A Site;-16.882228851318359;-50.0501708984375;500;0;0;0;0;0;de_inferno
1327.17041015625;1247.96875;160.612595;4;Mid;-12.374614715576172;-58.286464691162109;500;0;0;0;0;0;de_inferno
1341.03125;26.03125;133.501160;4;floor (boiler);-19.54326057434082;40.047740936279297;500;0;0;0;0;0;de_inferno
1439.9847412109375;2956.2158203125;131.340088;4;Banana Box One-way;-30.856513977050781;-127.21116638183594;500;0;0;0;0;0;de_inferno
1568.578369140625;-274.031005859375;256.031250;4;A StrawHeap;-8.6899929046630859;-39.009983062744141;500;0;0;0;0;0;de_inferno
1507.014648;-365.968384;256.031250;5;A Popflash (manual duck);-28.69;-22.33;500;0;0;0;0;0;de_inferno
1484.535278;-365.970886;256.031250;5;A Popflash;-27.069450;-21.700062;500;0;0;0;0;0;de_inferno
157.96875;744.4774169921875;79.907639;4;A Short;-8.2609844207763672;-20.538049697875977;500;0;0;0;1;0;de_inferno
1662.8587646484375;2977.834716796875;133.603973;4;B Entrance;-14.400027275085449;-155.893310546875;500;0;0;0;0;0;de_inferno
1867.9920654296875;1304.0362548828125;160.031250;4;Balcony;-48.784275054931641;-85.706710815429688;500;0;0;0;0;0;de_inferno
480.0386;557.9978;192.03125;2;FD;-6.555021;-53.791092;300;0;0;0;0;0;de_pitstop
495.2496;534.8802;192.03125;1;FD;-7.9850383;-53.021282;300;0;0;0;0;0;de_pitstop
534.38983;1297.6617;192.03125;2;Backsite;-12.440041;-67.48627;300;573.207;1204.0228;192.03125;2;32;de_pitstop
1372.4989;-552.1916;0.03125;3;Balcony;-25.300043;128.2801;300;1332.955;-502.08466;0.03125;2;50;de_pitstop
1079.8452;-337.93668;56.682583;3;Balcony;-16.775036;122.28511;300;0;0;0;0;0;de_pitstop
